4
106
131
196
71
150
143
18
208
54
12
172
182
21
199
152
61
202
31
63
165
185
161
162
163
132
155
134a
22
23
158
75
76
24
167
147
186
136
105
46
179
69a
77
25
119
138
95
148
48
109
89
80
194
60
90
70
40
64
190
153
65
154
73
81
83
144
181
66
134
67
104
166
86
37
44
59
173
184
20
2
7
135
10
93
107
178
94
101
113
33
78
99
8
130
114
96
5
180
38
115
139
26
116
62
91
121
133
122
41
123
124
3
111
92
125
126
127
1
249
6
42
85
103
108
87
128
183
74
68
175
176
168
205
137
164
35
79
110
57
151
28
16
32
13
72
34
43
129
39
88
170
187
45
102
17
19
27
47
169
56
49
98
55
52
58
82
84
193
198
157
146
149
188
117
171
156
159
145
174
120
201
51
192
112
29
140
36
177
9
100
213
97
248/I
248/II
248/III
248/IV
248/V
248/VI
14
11
207a
211
118
206
195
30
36b
197
191
69
50
212
200
209
